0 8254 5172 6891 3073 6061 5731 9263 9689 2422 1389 5810 8917 5921 4721 6655 1834 4563 4013 4920 8271 3241 1450 5127 2259 7710 1631 2765 2946
8254 0 12840 1773 5533 2407 4131 1517 1943 7684 9057 13478 1171 3103 5115 14323 6562 12231 6195 4014 697 6569 9118 12795 9927 900 7431 10433 10614
5172 12840 0 11477 7659 10647 10317 13849 14275 7008 5227 894 13503 10507 9307 1739 6420 2391 8599 9506 12857 7827 4684 1161 4065 12296 6217 2549 4224
6891 1773 11477 0 4170 1044 2768 2782 3208 6321 7694 12115 2436 1740 3752 12960 5199 10868 4832 2651 1790 5206 7755 11432 8564 1229 6068 9070 9251
3073 5533 7659 4170 0 3340 3010 6542 6968 2503 3876 8297 6196 3200 2000 9142 1381 7050 1292 2199 5550 1388 3937 7614 4746 4989 2250 5252 5433
6061 2407 10647 1044 3340 0 1938 3416 3842 5491 6864 11285 3070 910 2922 12130 4369 10038 4002 1821 2424 4376 6925 10602 7734 1863 5238 8240 8421
5731 4131 10317 2768 3010 1938 0 5140 5566 5161 6534 10955 4794 1798 2592 11800 4039 9708 3672 1491 4148 4046 6595 10272 7404 3587 4908 7910 8091
9263 1517 13849 2782 6542 3416 5140 0 1868 8693 10066 14487 1096 4112 6124 15332 7571 13240 7204 5023 1706 7578 10127 13804 10936 1909 8440 11442 11623
9689 1943 14275 3208 6968 3842 5566 1868 0 9119 10492 14913 1098 4538 6550 15758 7997 13666 7630 5449 2132 8004 10553 14230 11362 2335 8866 11868 12049
2422 7684 7008 6321 2503 5491 5161 8693 9119 0 3225 7646 8347 5351 4151 8491 1264 6399 3443 4350 7701 2671 3286 6963 4095 7140 1599 4601 4782
1389 9057 5227 7694 3876 6864 6534 10066 10492 3225 0 5865 9720 6724 5524 6710 2637 4618 4816 5723 9074 4044 1505 5182 2314 8513 2434 2820 3001
5810 13478 894 12115 8297 11285 10955 14487 14913 7646 5865 0 14141 11145 9945 973 7058 3029 9237 10144 13495 8465 5322 1799 4703 12934 6855 3187 4862
8917 1171 13503 2436 6196 3070 4794 1096 1098 8347 9720 14141 0 3766 5778 14986 7225 12894 6858 4677 1360 7232 9781 13458 10590 1563 8094 11096 11277
5921 3103 10507 1740 3200 910 1798 4112 4538 5351 6724 11145 3766 0 2782 11990 4229 9898 3862 1681 3120 4236 6785 10462 7594 2559 5098 8100 8281
4721 5115 9307 3752 2000 2922 2592 6124 6550 4151 5524 9945 5778 2782 0 10790 3029 8698 2662 1781 5132 3036 5585 9262 6394 4571 3898 6900 7081
6655 14323 1739 12960 9142 12130 11800 15332 15758 8491 6710 973 14986 11990 10790 0 7903 3874 10082 10989 14340 9310 6167 2644 5548 13779 7700 4032 5707
1834 6562 6420 5199 1381 4369 4039 7571 7997 1264 2637 7058 7225 4229 3029 7903 0 5811 2321 3228 6579 1549 2698 6375 3507 6018 1011 4013 4194
4563 12231 2391 10868 7050 10038 9708 13240 13666 6399 4618 3029 12894 9898 8698 3874 5811 0 7990 8897 12248 7218 4075 2346 3456 11687 5608 1940 3615
4013 6195 8599 4832 1292 4002 3672 7204 7630 3443 4816 9237 6858 3862 2662 10082 2321 7990 0 2861 6212 2328 4877 8554 5686 5651 3190 6192 6373
4920 4014 9506 2651 2199 1821 1491 5023 5449 4350 5723 10144 4677 1681 1781 10989 3228 8897 2861 0 4031 3235 5784 9461 6593 3470 4097 7099 7280
8271 697 12857 1790 5550 2424 4148 1706 2132 7701 9074 13495 1360 3120 5132 14340 6579 12248 6212 4031 0 6586 9135 12812 9944 917 7448 10450 10631
3241 6569 7827 5206 1388 4376 4046 7578 8004 2671 4044 8465 7232 4236 3036 9310 1549 7218 2328 3235 6586 0 4105 7782 4914 6025 2418 5420 5601
1450 9118 4684 7755 3937 6925 6595 10127 10553 3286 1505 5322 9781 6785 5585 6167 2698 4075 4877 5784 9135 4105 0 4639 1771 8574 2495 2277 2458
5127 12795 1161 11432 7614 10602 10272 13804 14230 6963 5182 1799 13458 10462 9262 2644 6375 2346 8554 9461 12812 7782 4639 0 4020 12251 6172 2504 4179
2259 9927 4065 8564 4746 7734 7404 10936 11362 4095 2314 4703 10590 7594 6394 5548 3507 3456 5686 6593 9944 4914 1771 4020 0 9383 3304 1658 1839
7710 900 12296 1229 4989 1863 3587 1909 2335 7140 8513 12934 1563 2559 4571 13779 6018 11687 5651 3470 917 6025 8574 12251 9383 0 6887 9889 10070
1631 7431 6217 6068 2250 5238 4908 8440 8866 1599 2434 6855 8094 5098 3898 7700 1011 5608 3190 4097 7448 2418 2495 6172 3304 6887 0 3810 3991
2765 10433 2549 9070 5252 8240 7910 11442 11868 4601 2820 3187 11096 8100 6900 4032 4013 1940 6192 7099 10450 5420 2277 2504 1658 9889 3810 0 1817
2946 10614 4224 9251 5433 8421 8091 11623 12049 4782 3001 4862 11277 8281 7081 5707 4194 3615 6373 7280 10631 5601 2458 4179 1839 10070 3991 1817 0