20
0.00 1.71 0.85 1.06 0.94 1.44 1.46 0.84 1.15 0.79 0.82 0.69 1.02 0.36 0.80 1.05 0.29 0.44 0.44 0.80
1.71 0.00 0.72 0.92 1.23 0.74 0.49 1.52 0.67 0.65 0.98 1.08 1.17 1.35 1.45 1.17 1.45 1.27 1.28 0.67
0.85 0.72 0.00 1.24 0.79 1.20 1.20 1.72 0.28 0.74 1.06 0.73 1.31 0.60 1.22 1.51 0.48 0.69 0.68 0.91
1.06 0.92 1.24 0.00 0.64 0.81 1.43 0.90 1.31 0.78 0.12 0.95 0.59 1.49 0.93 0.12 0.82 1.55 1.09 0.71
0.94 1.23 0.79 0.64 0.00 0.44 1.24 1.21 1.01 1.53 0.65 0.92 1.10 0.81 0.92 0.54 0.44 1.14 0.79 0.99
1.44 0.74 1.20 0.81 0.44 0.00 0.51 1.28 1.40 1.46 0.95 1.53 1.25 0.99 1.05 0.62 1.23 1.34 1.23 0.83
1.46 0.49 1.20 1.43 1.24 0.51 0.00 1.07 1.04 1.13 1.51 1.23 1.54 0.94 1.21 1.30 1.56 0.83 1.22 0.78
0.84 1.52 1.72 0.90 1.21 1.28 1.07 0.00 1.20 1.06 1.13 0.89 0.95 1.25 0.70 0.61 1.13 0.82 0.93 1.15
1.15 0.67 0.28 1.31 1.01 1.40 1.04 1.20 0.00 0.79 1.32 0.51 1.39 0.96 1.21 1.47 0.74 0.63 0.74 1.09
0.79 0.65 0.74 0.78 1.53 1.46 1.13 1.06 0.79 0.00 0.80 0.94 1.09 1.08 1.18 1.05 0.91 0.73 0.84 0.53
0.82 0.98 1.06 0.12 0.65 0.95 1.51 1.13 1.32 0.80 0.00 0.72 0.44 1.25 1.09 0.35 0.66 1.49 0.93 0.60
0.69 1.08 0.73 0.95 0.92 1.53 1.23 0.89 0.51 0.94 0.72 0.00 0.91 0.97 1.17 1.13 0.50 0.73 0.62 0.85
1.02 1.17 1.31 0.59 1.10 1.25 1.54 0.95 1.39 1.09 0.44 0.91 0.00 1.49 1.16 0.73 1.13 1.62 1.20 1.20
0.36 1.35 0.60 1.49 0.81 0.99 0.94 1.25 0.96 1.08 1.25 0.97 1.49 0.00 0.94 1.38 0.59 0.44 0.38 0.69
0.80 1.45 1.22 0.93 0.92 1.05 1.21 0.70 1.21 1.18 1.09 1.17 1.16 0.94 0.00 0.84 0.87 1.10 1.42 1.50
1.05 1.17 1.51 0.12 0.54 0.62 1.30 0.61 1.47 1.05 0.35 1.13 0.73 1.38 0.84 0.00 0.92 1.45 1.01 0.78
0.29 1.45 0.48 0.82 0.44 1.23 1.56 1.13 0.74 0.91 0.66 0.50 1.13 0.59 0.87 0.92 0.00 0.57 0.54 0.93
0.44 1.27 0.69 1.55 1.14 1.34 0.83 0.82 0.63 0.73 1.49 0.73 1.62 0.44 1.10 1.45 0.57 0.00 0.47 0.83
0.44 1.28 0.68 1.09 0.79 1.23 1.22 0.93 0.74 0.84 0.93 0.62 1.20 0.38 1.42 1.01 0.54 0.47 0.00 0.42
0.80 0.67 0.91 0.71 0.99 0.83 0.78 1.15 1.09 0.53 0.60 0.85 1.20 0.69 1.50 0.78 0.93 0.83 0.42 0.00