11
0 4190 6533 2835 4597 3511 3240 5617 5532 3911 3842 2039 1360 5170 7096 5453 7961 2859 6754 1332 807 6677 7054 7338
4190 0 3839 2805 7873 6787 2408 2923 2838 7187 7118 2867 4636 2476 4402 2759 5267 6135 4060 3756 3701 3983 4360 4644
6533 3839 0 5148 10216 9130 4751 1582 1193 9530 9461 5210 6979 3007 2381 2642 3246 8478 2039 6099 6044 1962 2339 2623
2835 2805 5148 0 6518 5432 1855 4232 4147 5832 5763 1512 3281 3785 5711 4068 6576 4780 5369 2401 2346 5292 5669 5953
4597 7873 10216 6518 0 1992 6923 9300 9215 1262 905 5722 3385 8853 10779 9136 11644 2932 10437 5015 4490 10360 10737 11021
3511 6787 9130 5432 1992 0 5837 8214 8129 1306 1237 4636 2299 7767 9693 8050 10558 1846 9351 3929 3404 9274 9651 9935
3240 2408 4751 1855 6923 5837 0 3835 3750 6237 6168 1917 3686 3388 5314 3671 6179 5185 4972 2806 2751 4895 5272 5556
5617 2923 1582 4232 9300 8214 3835 0 581 8614 8545 4294 6063 2091 2145 1726 3010 7562 1803 5183 5128 1726 2103 2387
5532 2838 1193 4147 9215 8129 3750 581 0 8529 8460 4209 5978 2006 1756 1641 2621 7477 1414 5098 5043 1337 1714 1998
3911 7187 9530 5832 1262 1306 6237 8614 8529 0 507 5036 2699 8167 10093 8450 10958 2246 9751 4329 3804 9674 10051 10335
3842 7118 9461 5763 905 1237 6168 8545 8460 507 0 4967 2630 8098 10024 8381 10889 2177 9682 4260 3735 9605 9982 10266
2039 2867 5210 1512 5722 4636 1917 4294 4209 5036 4967 0 2485 3847 5773 4130 6638 3984 5431 1605 1550 5354 5731 6015
1360 4636 6979 3281 3385 2299 3686 6063 5978 2699 2630 2485 0 5616 7542 5899 8407 1647 7200 1778 1253 7123 7500 7784
5170 2476 3007 3785 8853 7767 3388 2091 2006 8167 8098 3847 5616 0 3570 1927 4435 7115 3228 4736 4681 3151 3528 3812
7096 4402 2381 5711 10779 9693 5314 2145 1756 10093 10024 5773 7542 3570 0 3205 1777 9041 1716 6662 6607 1407 1402 1154
5453 2759 2642 4068 9136 8050 3671 1726 1641 8450 8381 4130 5899 1927 3205 0 4070 7398 2863 5019 4964 2786 3163 3447
7961 5267 3246 6576 11644 10558 6179 3010 2621 10958 10889 6638 8407 4435 1777 4070 0 9906 2581 7527 7472 2272 2267 1181
2859 6135 8478 4780 2932 1846 5185 7562 7477 2246 2177 3984 1647 7115 9041 7398 9906 0 8699 3277 2752 8622 8999 9283
6754 4060 2039 5369 10437 9351 4972 1803 1414 9751 9682 5431 7200 3228 1716 2863 2581 8699 0 6320 6265 1297 1674 1958
1332 3756 6099 2401 5015 3929 2806 5183 5098 4329 4260 1605 1778 4736 6662 5019 7527 3277 6320 0 843 6243 6620 6904
807 3701 6044 2346 4490 3404 2751 5128 5043 3804 3735 1550 1253 4681 6607 4964 7472 2752 6265 843 0 6188 6565 6849
6677 3983 1962 5292 10360 9274 4895 1726 1337 9674 9605 5354 7123 3151 1407 2786 2272 8622 1297 6243 6188 0 1365 1649
7054 4360 2339 5669 10737 9651 5272 2103 1714 10051 9982 5731 7500 3528 1402 3163 2267 8999 1674 6620 6565 1365 0 1644
7338 4644 2623 5953 11021 9935 5556 2387 1998 10335 10266 6015 7784 3812 1154 3447 1181 9283 1958 6904 6849 1649 1644 0